0,1,2,3,4,5,6,7,8,9,10,11,12,13,14,15,16,17,18,19,20,21,22,23,24,25,26,27,28,29,30,31,32,33,34
0.07244983609406294,0.08381685800832216,0.27677891478244226,0.28128677195325164,0.18801046588131556,-1.917346420186114,0.964316085011042,1.3135007027183596,2.005375550982526,0.0,0.0,0.0,0.0,2.002383791072568,0.0,0.0,0.0,2.055951599481911,7.462258385169956,0.0,0.0,0.0,2.466793034144367,0.0,0.0,0.0,0.0,0.0,0.0,3.4690062661045924,0.0,0.0,0.0,0.0,18344.0
1.0439155628396077,1.170267677277744,1.2072691701829692,1.0160445223408232,-0.158992773398026,-0.29283334089377894,-0.9881263587150187,-1.024568565506796,2.005375550982526,0.0,0.0,0.0,0.0,2.002383791072568,0.0,0.0,0.0,2.055951599481911,7.462258385169956,0.0,0.0,0.0,2.466793034144367,0.0,0.0,0.0,0.0,0.0,0.0,0.0,0.0,2.002383791072568,0.0,0.0,15580.0
-0.36761583499580064,-1.097107945545388,2.1782155236443863,-0.5416419084808284,-0.8529992519567091,-0.6989616107168627,0.964316085011042,1.001758133621672,2.005375550982526,0.0,0.0,0.0,0.0,0.0,3.1245181116657075,0.0,2.025617778278169,0.0,7.462258385169956,0.0,0.0,0.0,2.466793034144367,0.0,0.0,0.0,0.0,2.1603272224684216,0.0,0.0,0.0,0.0,0.0,0.0,6918.0
-0.7329533732590809,-1.002633961261093,0.3172350128433352,-1.1470822948001873,-0.7290695236426585,0.11329492892930483,0.964316085011042,1.001758133621672,2.005375550982526,0.0,0.0,0.0,0.0,2.002383791072568,0.0,0.0,2.025617778278169,0.0,7.462258385169956,0.0,0.0,0.0,2.466793034144367,0.0,0.0,0.0,0.0,2.1603272224684216,0.0,0.0,0.0,0.0,0.0,0.0,7499.0
-0.5502846041274408,-0.3413160712710107,-0.1682381638873747,-0.5240077224715267,-0.40685223002612714,1.3316797383985561,0.31350193710235513,0.3782729954282974,0.0,2.005375550982525,0.0,0.0,2.108812449481924,0.0,0.0,0.0,2.025617778278169,0.0,7.462258385169956,0.0,0.0,0.0,2.466793034144367,0.0,0.0,0.0,4.1791069697885295,0.0,0.0,0.0,0.0,0.0,0.0,0.0,9095.0
-1.3972034428286848,-1.002633961261093,-1.2605528115314677,-1.1549197108043214,-0.9025711432823293,0.7224873336639305,0.964316085011042,1.157629418170016,2.005375550982526,0.0,0.0,0.0,2.108812449481924,0.0,0.0,0.0,2.025617778278169,0.0,7.462258385169956,0.0,0.0,0.0,2.466793034144367,0.0,0.0,0.0,0.0,2.1603272224684216,0.0,0.0,0.0,0.0,0.0,0.0,6229.0
-1.3473846876109652,-1.097107945545388,-0.006413771643802805,-0.8551385486461922,-0.45642412135174737,-1.5112181503630302,0.1507984001251834,0.06653042633160997,0.0,2.005375550982525,0.0,0.0,2.108812449481924,0.0,0.0,0.0,2.025617778278169,0.0,7.462258385169956,0.0,0.0,0.0,2.466793034144367,0.0,0.0,0.0,0.0,2.1603272224684216,0.0,0.0,0.0,0.0,0.0,0.0,7053.0
1.0439155628396077,1.170267677277744,1.2072691701829692,1.362850180523757,0.6341574878118976,-2.018878487641885,0.47620547407952685,0.3782729954282974,2.005375550982526,0.0,0.0,0.0,0.0,2.002383791072568,0.0,0.0,0.0,2.055951599481911,7.462258385169956,0.0,0.0,0.0,2.466793034144367,0.0,0.0,0.0,0.0,0.0,0.0,3.4690062661045924,0.0,0.0,0.0,0.0,16900.0
-0.07700642955909891,0.1782908422926206,-1.4223772037750368,0.4987750660679728,0.7333012704631381,-0.29283334089377894,-0.9881263587150187,-1.024568565506796,0.0,2.005375550982525,0.0,0.0,2.108812449481924,0.0,0.0,0.0,2.025617778278169,0.0,7.462258385169956,0.0,0.0,0.0,2.466793034144367,0.0,0.0,0.0,0.0,0.0,0.0,0.0,12.8454713798025,0.0,0.0,0.0,12964.0
-1.513447205003366,-1.097107945545388,-0.6941674386789748,-1.337139632900439,-0.9025711432823293,0.5194231987523886,2.1032408438512444,1.9369858409117344,0.0,2.005375550982525,0.0,0.0,2.108812449481924,0.0,0.0,0.0,2.025617778278169,0.0,7.462258385169956,0.0,0.0,0.0,2.466793034144367,0.0,0.0,0.0,0.0,2.1603272224684216,0.0,0.0,0.0,0.0,0.0,0.0,6295.0
0.7782155350117672,0.8396087322827028,-0.6941674386789748,0.8220684762385042,1.1050904554052898,0.11329492892930483,-0.825422821737847,-1.024568565506796,0.0,2.005375550982525,0.0,0.0,2.108812449481924,0.0,0.0,0.0,0.0,2.055951599481911,7.462258385169956,0.0,0.0,0.0,0.0,3.0559595692497132,0.0,0.0,0.0,0.0,0.0,0.0,0.0,2.002383791072568,0.0,0.0,16558.0
-0.7329533732590809,-1.002633961261093,0.3172350128433352,-1.056952010752645,-0.580353849665798,-0.6989616107168627,3.2421656026914465,3.02808483275014,0.0,2.005375550982525,0.0,0.0,0.0,2.002383791072568,0.0,0.0,2.025617778278169,0.0,7.462258385169956,0.0,0.0,0.0,2.466793034144367,0.0,0.0,0.0,0.0,0.0,0.0,3.4690062661045924,0.0,0.0,0.0,0.0,7099.0
0.12226859131178276,0.27276482657691903,0.47905940508690426,-0.4515116244332863,-0.10942088207240579,-1.917346420186114,0.6389090110566986,0.534144279976641,2.005375550982526,0.0,0.0,0.0,0.0,2.002383791072568,0.0,0.0,2.025617778278169,0.0,7.462258385169956,0.0,0.0,0.0,2.466793034144367,0.0,0.0,0.0,0.0,0.0,0.0,0.0,0.0,2.002383791072568,0.0,0.0,8948.0
-0.32610020564770037,-1.002633961261093,-0.08732596776558875,-1.0432365327454105,-0.7290695236426585,0.11329492892930483,0.964316085011042,1.001758133621672,2.005375550982526,0.0,0.0,0.0,0.0,0.0,3.1245181116657075,0.0,2.025617778278169,0.0,7.462258385169956,0.0,0.0,0.0,2.466793034144367,0.0,0.0,0.0,0.0,2.1603272224684216,0.0,0.0,0.0,0.0,0.0,0.0,7349.0
0.263421731095325,0.1782908422926206,-0.24915036000915777,-0.09686855024621847,0.2375823572069358,0.7224873336639305,-0.9881263587150187,-0.8686972809584522,0.0,2.005375550982525,0.0,0.0,0.0,2.002383791072568,0.0,0.0,2.025617778278169,0.0,7.462258385169956,0.0,0.0,5.326472380185374,0.0,0.0,0.0,0.0,0.0,0.0,0.0,0.0,0.0,2.002383791072568,0.0,0.0,15250.0
0.17208734652950258,-0.15236810270242054,-0.6941674386789748,-0.032209868212112185,0.48544181383503693,-0.6989616107168627,-0.17460867382916007,-0.08934085821673374,0.0,2.005375550982525,0.0,5.81648059748165,0.0,0.0,0.0,0.0,0.0,2.055951599481911,7.462258385169956,0.0,0.0,0.0,2.466793034144367,0.0,0.0,0.0,0.0,0.0,0.0,0.0,0.0,2.002383791072568,0.0,0.0,8449.0
-0.42573771608314004,-0.10513111056026798,-1.6651137921403918,-0.345706508377476,-1.3982900565385317,1.7378080082216398,-1.3135334326693622,-1.1804398500551396,0.0,2.005375550982525,0.0,0.0,2.108812449481924,0.0,0.0,0.0,0.0,2.055951599481911,7.462258385169956,0.0,0.0,0.0,0.0,0.0,0.0,7.462258385169956,0.0,0.0,9.11111111111111,0.0,0.0,0.0,0.0,0.0,11845.0
-0.4340408419527596,-0.43579005555530914,-0.8559918309225438,0.47722217205660405,1.6751672056499223,1.534743873310098,-1.3135334326693622,-0.8686972809584522,0.0,2.005375550982525,5.326472380185374,0.0,0.0,0.0,0.0,0.0,0.0,2.055951599481911,0.0,7.462258385169956,0.0,0.0,0.0,3.0559595692497132,0.0,0.0,0.0,0.0,0.0,0.0,0.0,2.002383791072568,0.0,0.0,37028.0
-1.3972034428286848,-0.7192120084081977,-1.1796406154096848,-1.250928056854964,-0.8529992519567091,0.7224873336639305,1.9405373068740726,1.625243271815047,0.0,2.005375550982525,0.0,0.0,2.108812449481924,0.0,0.0,0.0,2.025617778278169,0.0,7.462258385169956,0.0,0.0,0.0,2.466793034144367,0.0,0.0,0.0,0.0,2.1603272224684216,0.0,0.0,0.0,0.0,0.0,0.0,5389.0
-0.17664393999453856,-0.24684208698671228,0.23632281672154928,-0.33590973837230836,-0.45642412135174737,-0.6989616107168627,-0.17460867382916007,-0.8686972809584522,2.005375550982526,0.0,0.0,0.0,0.0,2.002383791072568,0.0,5.326472380185374,0.0,0.0,7.462258385169956,0.0,0.0,0.0,2.466793034144367,0.0,0.0,0.0,0.0,2.1603272224684216,0.0,0.0,0.0,0.0,0.0,0.0,9233.0
-0.28458457629960016,0.9340827165670013,-1.6246576940794988,1.008207106336689,1.3529499120333908,0.11329492892930483,-0.9881263587150187,-0.8686972809584522,0.0,2.005375550982525,0.0,0.0,2.108812449481924,0.0,0.0,0.0,0.0,2.055951599481911,7.462258385169956,0.0,0.0,0.0,0.0,3.0559595692497132,0.0,0.0,0.0,0.0,0.0,0.0,0.0,2.002383791072568,0.0,0.0,17199.0
0.12226859131178276,0.27276482657691903,0.07449842447798027,-0.19287689629686114,-0.10942088207240579,-1.917346420186114,0.31350193710235513,0.22240171087995367,2.005375550982526,0.0,0.0,0.0,2.108812449481924,0.0,0.0,0.0,2.025617778278169,0.0,7.462258385169956,0.0,0.0,0.0,2.466793034144367,0.0,0.0,0.0,0.0,0.0,0.0,0.0,0.0,2.002383791072568,0.0,0.0,11248.0
0.3547561156611451,0.9813197087091472,0.4386033070260113,0.6927511121702916,0.33672613985817623,-0.29283334089377894,-0.9881263587150187,-1.024568565506796,0.0,2.005375550982525,0.0,0.0,2.108812449481924,0.0,0.0,0.0,0.0,2.055951599481911,7.462258385169956,0.0,0.0,0.0,2.466793034144367,0.0,0.0,0.0,0.0,0.0,0.0,0.0,0.0,2.002383791072568,0.0,0.0,16503.0
0.12226859131178276,0.27276482657691903,0.47905940508690426,-0.14977110827412363,-0.40685223002612714,-1.3081540154514884,0.8016125480338704,0.3782729954282974,2.005375550982526,0.0,0.0,0.0,0.0,2.002383791072568,0.0,0.0,2.025617778278169,0.0,7.462258385169956,0.0,0.0,0.0,2.466793034144367,0.0,0.0,0.0,0.0,0.0,0.0,3.4690062661045924,0.0,0.0,0.0,0.0,10698.0
-2.4517004282704327,-0.9553969691189438,-1.1796406154096848,-1.4449041029572829,-0.8529992519567091,1.7378080082216398,0.964316085011042,1.157629418170016,0.0,2.005375550982525,0.0,0.0,2.108812449481924,0.0,0.0,0.0,2.025617778278169,0.0,7.462258385169956,0.0,0.0,0.0,2.466793034144367,0.0,0.0,0.0,4.1791069697885295,0.0,0.0,0.0,0.0,0.0,0.0,0.0,6855.0
0.22190610174722478,-0.5302640398396076,0.23632281672154928,0.3008803119635869,0.9315888357656189,-1.815814352730343,-0.6627192847606753,-0.4010834273134211,0.0,2.005375550982525,0.0,0.0,0.0,2.002383791072568,0.0,0.0,0.0,2.055951599481911,7.462258385169956,0.0,0.0,0.0,0.0,3.0559595692497132,0.0,0.0,0.0,0.0,0.0,0.0,0.0,2.002383791072568,0.0,0.0,20970.0
-0.8907127647818623,-0.9081599769767945,0.3172350128433352,-1.07066748875988,-0.8529992519567091,1.7378080082216398,0.8016125480338704,0.534144279976641,2.005375550982526,0.0,0.0,0.0,0.0,2.002383791072568,0.0,0.0,2.025617778278169,0.0,7.462258385169956,0.0,0.0,0.0,2.466793034144367,0.0,0.0,0.0,4.1791069697885295,0.0,0.0,0.0,0.0,0.0,0.0,0.0,7295.0
-0.4340408419527596,1.1230306851355913,-1.4223772037750368,0.4341163840338665,0.6093715421490875,0.7224873336639305,-0.9881263587150187,-0.5569547118617648,0.0,2.005375550982525,0.0,0.0,2.108812449481924,0.0,0.0,0.0,0.0,2.055951599481911,7.462258385169956,0.0,0.0,0.0,2.466793034144367,0.0,0.0,0.0,0.0,0.0,0.0,0.0,0.0,2.002383791072568,0.0,0.0,22018.0
-0.4174345902135205,0.0365798658661763,-1.0987284192878988,-0.5161703064673926,-0.40685223002612714,0.7224873336639305,-0.01190513685198833,0.06653042633160997,0.0,2.005375550982525,0.0,0.0,0.0,2.002383791072568,0.0,0.0,2.025617778278169,0.0,7.462258385169956,0.0,0.0,0.0,2.466793034144367,0.0,0.0,0.0,0.0,2.1603272224684216,0.0,0.0,0.0,0.0,0.0,0.0,10345.0
-0.6499221145628804,-0.7192120084081977,-0.28960645807005075,-0.9315533546864997,-0.7042835779798485,-0.6989616107168627,0.8016125480338704,1.001758133621672,2.005375550982526,0.0,0.0,0.0,0.0,2.002383791072568,0.0,0.0,2.025617778278169,0.0,7.462258385169956,0.0,0.0,0.0,2.466793034144367,0.0,0.0,0.0,0.0,2.1603272224684216,0.0,0.0,0.0,0.0,0.0,0.0,6938.0
1.0356124369699882,0.27276482657691903,0.9645325818176143,0.49289700406487225,-0.1342068277352159,0.7224873336639305,-0.9881263587150187,-0.7128259964101086,0.0,2.005375550982525,0.0,0.0,2.108812449481924,0.0,0.0,0.0,2.025617778278169,0.0,7.462258385169956,0.0,0.0,0.0,2.466793034144367,0.0,0.0,0.0,0.0,0.0,0.0,0.0,0.0,2.002383791072568,0.0,0.0,18150.0
-1.3972034428286848,-1.002633961261093,0.8027081895740452,-0.6200160685221694,-0.45642412135174737,-1.5112181503630302,0.1507984001251834,0.06653042633160997,0.0,2.005375550982525,0.0,0.0,2.108812449481924,0.0,0.0,5.326472380185374,0.0,0.0,7.462258385169956,0.0,0.0,0.0,2.466793034144367,0.0,0.0,0.0,0.0,2.1603272224684216,0.0,0.0,0.0,0.0,0.0,0.0,7603.0
-1.2477471771755255,-0.8136859926924961,0.1554106205997662,-1.2861964288735674,-0.8777851976195192,-0.29283334089377894,0.964316085011042,1.157629418170016,0.0,2.005375550982525,0.0,0.0,2.108812449481924,0.0,0.0,0.0,2.025617778278169,0.0,7.462258385169956,0.0,0.0,0.0,2.466793034144367,0.0,0.0,0.0,0.0,2.1603272224684216,0.0,0.0,0.0,0.0,0.0,0.0,6095.0
2.0568969189332553,1.170267677277744,1.2072691701829692,1.4275088625578631,-0.158992773398026,-0.29283334089377894,-0.9881263587150187,-1.024568565506796,2.005375550982526,0.0,0.0,0.0,0.0,0.0,3.1245181116657075,0.0,0.0,2.055951599481911,7.462258385169956,0.0,0.0,0.0,2.466793034144367,0.0,0.0,0.0,0.0,0.0,0.0,0.0,0.0,2.002383791072568,0.0,0.0,16695.0
-0.4506470936920011,-0.9081599769767945,-0.4514308503136198,-0.5024548284601579,-0.7042835779798485,2.956192817690891,0.1507984001251834,-0.24521214276507744,0.0,2.005375550982525,0.0,0.0,2.108812449481924,0.0,0.0,0.0,0.0,2.055951599481911,7.462258385169956,0.0,0.0,0.0,2.466793034144367,0.0,0.0,0.0,0.0,0.0,0.0,0.0,0.0,2.002383791072568,0.0,0.0,9538.0
0.1056623395725436,-0.3413160712710107,0.1554106205997662,-0.17916141828962648,-0.40685223002612714,1.3316797383985561,-0.17460867382916007,-0.4010834273134211,2.005375550982526,0.0,0.0,0.0,0.0,2.002383791072568,0.0,0.0,2.025617778278169,0.0,7.462258385169956,0.0,0.0,0.0,2.466793034144367,0.0,0.0,0.0,0.0,0.0,0.0,0.0,0.0,2.002383791072568,0.0,0.0,12945.0
-0.07700642955909891,0.1782908422926206,-1.4223772037750368,0.5124905440752074,0.7333012704631381,-0.29283334089377894,-0.9881263587150187,-1.024568565506796,0.0,2.005375550982525,0.0,0.0,2.108812449481924,0.0,0.0,0.0,0.0,2.055951599481911,7.462258385169956,0.0,0.0,0.0,2.466793034144367,0.0,0.0,0.0,0.0,0.0,0.0,0.0,0.0,0.0,5.326472380185374,0.0,12764.0
-1.3972034428286848,-0.7192120084081977,-1.1796406154096848,-1.082423612766081,-0.8529992519567091,0.7224873336639305,0.964316085011042,1.157629418170016,0.0,2.005375550982525,0.0,0.0,2.108812449481924,0.0,0.0,0.0,2.025617778278169,0.0,7.462258385169956,0.0,0.0,0.0,2.466793034144367,0.0,0.0,0.0,0.0,2.1603272224684216,0.0,0.0,0.0,0.0,0.0,0.0,6669.0
-1.3972034428286848,-1.002633961261093,-1.1796406154096848,-0.8394637166379241,-0.7042835779798485,0.7224873336639305,-0.17460867382916007,-0.08934085821673374,0.0,2.005375550982525,0.0,0.0,2.108812449481924,0.0,0.0,0.0,2.025617778278169,0.0,7.462258385169956,0.0,0.0,0.0,2.466793034144367,0.0,0.0,0.0,0.0,0.0,0.0,0.0,0.0,0.0,5.326472380185374,0.0,7957.0
-1.3972034428286848,-1.002633961261093,-1.2605528115314677,-1.1118139227815838,-0.9025711432823293,0.7224873336639305,0.964316085011042,1.157629418170016,2.005375550982526,0.0,0.0,0.0,0.0,2.002383791072568,0.0,0.0,2.025617778278169,0.0,7.462258385169956,0.0,0.0,0.0,2.466793034144367,0.0,0.0,0.0,0.0,2.1603272224684216,0.0,0.0,0.0,0.0,0.0,0.0,7609.0
1.0356124369699882,0.27276482657691903,0.9645325818176143,0.5693118101051796,-0.1342068277352159,0.7224873336639305,-0.9881263587150187,-0.7128259964101086,2.005375550982526,0.0,0.0,0.0,0.0,2.002383791072568,0.0,0.0,2.025617778278169,0.0,7.462258385169956,0.0,0.0,0.0,2.466793034144367,0.0,0.0,0.0,0.0,0.0,0.0,0.0,0.0,2.002383791072568,0.0,0.0,18620.0
1.2182812061016308,1.4064526379884867,0.7217959934522592,0.7750439802136997,0.36151208552098635,0.5194231987523886,-0.3373122108063318,-0.4010834273134211,2.005375550982526,0.0,0.0,0.0,0.0,2.002383791072568,0.0,0.0,0.0,2.055951599481911,7.462258385169956,0.0,0.0,0.0,2.466793034144367,0.0,0.0,0.0,0.0,0.0,0.0,0.0,0.0,2.002383791072568,0.0,0.0,16845.0
1.0439155628396077,1.1230306851355913,0.9240764837567212,1.1238089923976669,0.18801046588131556,0.9255514685754723,-1.1508298956921905,-1.024568565506796,2.005375550982526,0.0,0.0,0.0,0.0,2.002383791072568,0.0,0.0,0.0,2.055951599481911,7.462258385169956,0.0,0.0,0.0,2.466793034144367,0.0,0.0,0.0,0.0,0.0,0.0,0.0,0.0,2.002383791072568,0.0,0.0,18150.0
-0.2430689469514999,-0.19960509484456643,-0.5323430464354058,0.5222873140803751,0.6341574878118976,-0.29283334089377894,-0.9881263587150187,-0.7128259964101086,0.0,2.005375550982525,0.0,0.0,2.108812449481924,0.0,0.0,0.0,0.0,2.055951599481911,7.462258385169956,0.0,0.0,0.0,0.0,3.0559595692497132,0.0,0.0,0.0,0.0,0.0,0.0,0.0,2.002383791072568,0.0,0.0,16500.0
-1.3972034428286848,-0.7192120084081977,-1.1796406154096848,-1.1999848528280925,-0.8529992519567091,0.7224873336639305,0.964316085011042,1.157629418170016,0.0,2.005375550982525,0.0,0.0,2.108812449481924,0.0,0.0,0.0,2.025617778278169,0.0,7.462258385169956,0.0,0.0,0.0,2.466793034144367,0.0,0.0,0.0,0.0,2.1603272224684216,0.0,0.0,0.0,0.0,0.0,0.0,6189.0
-0.12682518477681873,-0.3413160712710107,-0.9369040270443297,0.34790480798839146,-0.18377871906083612,-0.29283334089377894,-0.17460867382916007,-0.24521214276507744,0.0,2.005375550982525,0.0,0.0,2.108812449481924,0.0,0.0,0.0,0.0,2.055951599481911,7.462258385169956,0.0,0.0,0.0,2.466793034144367,0.0,0.0,0.0,0.0,0.0,0.0,0.0,0.0,0.0,0.0,12.8454713798025,11048.0
-0.56689085586668,-1.002633961261093,-1.1796406154096848,-0.7160244145728121,-0.7042835779798485,0.7224873336639305,0.964316085011042,1.157629418170016,2.005375550982526,0.0,0.0,0.0,0.0,2.002383791072568,0.0,0.0,2.025617778278169,0.0,7.462258385169956,0.0,0.0,0.0,2.466793034144367,0.0,0.0,0.0,0.0,2.1603272224684216,0.0,0.0,0.0,0.0,0.0,0.0,7609.0
-0.4340408419527596,-0.43579005555530914,-0.8559918309225438,0.391010596011129,1.6751672056499223,1.534743873310098,-1.3135334326693622,-0.8686972809584522,0.0,2.005375550982525,0.0,5.81648059748165,0.0,0.0,0.0,0.0,0.0,2.055951599481911,0.0,7.462258385169956,0.0,0.0,0.0,3.0559595692497132,0.0,0.0,0.0,0.0,0.0,0.0,0.0,2.002383791072568,0.0,0.0,34028.0
-0.1434314365160579,-0.24684208698671228,-0.8559918309225438,-0.37509681839297887,-0.10942088207240579,-0.29283334089377894,-0.01190513685198833,0.22240171087995367,2.005375550982526,0.0,0.0,0.0,0.0,2.002383791072568,0.0,0.0,2.025617778278169,0.0,7.462258385169956,0.0,0.0,0.0,2.466793034144367,0.0,0.0,0.0,0.0,2.1603272224684216,0.0,0.0,0.0,0.0,0.0,0.0,6989.0
-1.4304159463071655,-1.1915819298296866,-0.006413771643802805,-0.9922933287185389,-0.7290695236426585,-0.4958974758053208,0.964316085011042,0.8458868490733285,0.0,2.005375550982525,0.0,0.0,2.108812449481924,0.0,0.0,0.0,2.025617778278169,0.0,7.462258385169956,0.0,0.0,0.0,2.466793034144367,0.0,0.0,0.0,0.0,2.1603272224684216,0.0,0.0,0.0,0.0,0.0,0.0,5118.0
-1.4138096945679264,-0.9553969691189438,1.8545667391572453,-1.0432365327454105,-0.8529992519567091,1.7378080082216398,0.8016125480338704,0.534144279976641,2.005375550982526,0.0,0.0,0.0,0.0,0.0,3.1245181116657075,0.0,2.025617778278169,0.0,7.462258385169956,0.0,0.0,0.0,2.466793034144367,0.0,0.0,0.0,4.1791069697885295,0.0,0.0,0.0,0.0,0.0,0.0,0.0,7295.0
2.0568969189332553,1.170267677277744,2.0163911314008174,1.819379662764568,0.6341574878118976,-2.018878487641885,-0.01190513685198833,-0.8686972809584522,2.005375550982526,0.0,0.0,0.0,0.0,0.0,3.1245181116657075,0.0,0.0,2.055951599481911,7.462258385169956,0.0,0.0,0.0,2.466793034144367,0.0,0.0,0.0,0.0,0.0,0.0,3.4690062661045924,0.0,0.0,0.0,0.0,17075.0
0.3049373604434253,0.27276482657691903,-0.006413771643802805,-0.33590973837230836,-0.10942088207240579,-0.6989616107168627,0.1507984001251834,0.22240171087995367,0.0,2.005375550982525,0.0,0.0,2.108812449481924,0.0,0.0,0.0,2.025617778278169,0.0,7.462258385169956,0.0,0.0,0.0,2.466793034144367,0.0,0.0,0.0,0.0,2.1603272224684216,0.0,0.0,0.0,0.0,0.0,0.0,10595.0
-1.3972034428286848,-1.002633961261093,-1.1796406154096848,-1.333220924898372,-0.9025711432823293,0.7224873336639305,0.964316085011042,1.157629418170016,0.0,2.005375550982525,0.0,0.0,2.108812449481924,0.0,0.0,0.0,2.025617778278169,0.0,7.462258385169956,0.0,0.0,0.0,2.466793034144367,0.0,0.0,0.0,0.0,2.1603272224684216,0.0,0.0,0.0,0.0,0.0,0.0,6377.0
1.0356124369699882,0.27276482657691903,0.9645325818176143,0.39492930401319604,-0.1342068277352159,0.21482699638507577,-0.6627192847606753,-0.4010834273134211,2.005375550982526,0.0,0.0,0.0,0.0,2.002383791072568,0.0,0.0,2.025617778278169,0.0,7.462258385169956,0.0,0.0,0.0,2.466793034144367,0.0,0.0,0.0,0.0,0.0,0.0,0.0,0.0,2.002383791072568,0.0,0.0,15510.0
0.5042123813143046,0.4617127951455159,0.5599716012086903,0.04420493782819525,-0.7290695236426585,-1.3081540154514884,1.2897231589653855,1.157629418170016,2.005375550982526,0.0,0.0,0.0,0.0,2.002383791072568,0.0,0.0,2.025617778278169,0.0,7.462258385169956,0.0,0.0,0.0,2.466793034144367,0.0,0.0,0.0,0.0,0.0,0.0,3.4690062661045924,0.0,0.0,0.0,0.0,13845.0
-2.0033316313109495,-0.9081599769767945,-0.4514308503136198,-1.2078222688322264,-0.8529992519567091,1.7378080082216398,0.8016125480338704,0.534144279976641,0.0,2.005375550982525,0.0,0.0,2.108812449481924,0.0,0.0,0.0,2.025617778278169,0.0,7.462258385169956,0.0,0.0,0.0,2.466793034144367,0.0,0.0,0.0,4.1791069697885295,0.0,0.0,0.0,0.0,0.0,0.0,0.0,6529.0
0.22190610174722478,-0.5302640398396076,0.23632281672154928,-0.31631619836197317,-0.45642412135174737,1.3316797383985561,-0.3373122108063318,-0.24521214276507744,2.005375550982526,0.0,0.0,0.0,0.0,2.002383791072568,0.0,0.0,0.0,2.055951599481911,7.462258385169956,0.0,0.0,0.0,2.466793034144367,0.0,0.0,0.0,0.0,0.0,0.0,0.0,0.0,2.002383791072568,0.0,0.0,16925.0
1.2182812061016308,0.6034237715719601,1.5309179546701073,1.176711550425572,0.08886668323007511,-0.08976920598223705,-1.3135334326693622,-1.3363111346034833,2.005375550982526,0.0,0.0,0.0,0.0,0.0,3.1245181116657075,0.0,0.0,2.055951599481911,7.462258385169956,0.0,0.0,0.0,2.466793034144367,0.0,0.0,0.0,0.0,0.0,0.0,0.0,0.0,2.002383791072568,0.0,0.0,18950.0
-0.4506470936920011,-0.9081599769767945,-0.4514308503136198,-0.7591302025955495,-0.7042835779798485,-0.6989616107168627,0.6389090110566986,0.534144279976641,0.0,2.005375550982525,0.0,0.0,0.0,2.002383791072568,0.0,0.0,0.0,2.055951599481911,7.462258385169956,0.0,0.0,0.0,2.466793034144367,0.0,0.0,0.0,0.0,2.1603272224684216,0.0,0.0,0.0,0.0,0.0,0.0,8058.0
1.5421031150168107,2.5873774415422,0.8027081895740452,0.5634337481020791,0.2375823572069358,0.7224873336639305,-0.9881263587150187,-0.8686972809584522,2.005375550982526,0.0,0.0,0.0,0.0,2.002383791072568,0.0,0.0,2.025617778278169,0.0,7.462258385169956,0.0,0.0,5.326472380185374,0.0,0.0,0.0,0.0,0.0,0.0,0.0,0.0,0.0,2.002383791072568,0.0,0.0,17710.0
-1.3972034428286848,-1.002633961261093,-1.2605528115314677,-0.7160244145728121,-0.7042835779798485,0.7224873336639305,-0.17460867382916007,-0.08934085821673374,0.0,2.005375550982525,0.0,0.0,0.0,2.002383791072568,0.0,0.0,2.025617778278169,0.0,7.462258385169956,0.0,0.0,0.0,2.466793034144367,0.0,0.0,0.0,0.0,0.0,0.0,0.0,0.0,2.002383791072568,0.0,0.0,8558.0
-0.4340408419527596,-0.43579005555530914,-0.8559918309225438,0.391010596011129,1.6751672056499223,1.534743873310098,-1.3135334326693622,-0.8686972809584522,0.0,2.005375550982525,0.0,5.81648059748165,0.0,0.0,0.0,0.0,0.0,2.055951599481911,0.0,7.462258385169956,0.0,0.0,0.0,3.0559595692497132,0.0,0.0,0.0,0.0,0.0,0.0,0.0,2.002383791072568,0.0,0.0,32528.0
1.2182812061016308,0.6034237715719601,1.0049886798785073,0.7417349621961298,0.36151208552098635,0.5194231987523886,-0.17460867382916007,-0.4010834273134211,2.005375550982526,0.0,0.0,0.0,0.0,2.002383791072568,0.0,0.0,0.0,2.055951599481911,7.462258385169956,0.0,0.0,0.0,2.466793034144367,0.0,0.0,0.0,0.0,0.0,0.0,0.0,0.0,2.002383791072568,0.0,0.0,15985.0
-0.17664393999453856,-0.24684208698671228,-0.49188694837451274,-0.8061546986203542,-0.45642412135174737,-0.6989616107168627,1.1270196219882138,1.001758133621672,2.005375550982526,0.0,0.0,0.0,0.0,2.002383791072568,0.0,0.0,2.025617778278169,0.0,7.462258385169956,0.0,0.0,0.0,2.466793034144367,0.0,0.0,0.0,0.0,2.1603272224684216,0.0,0.0,0.0,0.0,0.0,0.0,7126.0
0.20529985000798326,0.22552783443477314,0.23632281672154928,0.5242466680814086,0.2375823572069358,0.7224873336639305,-1.1508298956921905,-1.3363111346034833,2.005375550982526,0.0,0.0,0.0,0.0,2.002383791072568,0.0,5.326472380185374,0.0,0.0,7.462258385169956,0.0,0.0,5.326472380185374,0.0,0.0,0.0,0.0,0.0,0.0,0.0,0.0,0.0,2.002383791072568,0.0,0.0,17450.0
-2.0033316313109495,-0.9081599769767945,-0.4514308503136198,-1.4096357309386796,-1.1752165455732406,0.7224873336639305,2.1032408438512444,1.7811145563633908,0.0,2.005375550982525,0.0,0.0,2.108812449481924,0.0,0.0,0.0,2.025617778278169,0.0,7.462258385169956,0.0,0.0,0.0,2.466793034144367,0.0,0.0,0.0,4.1791069697885295,0.0,0.0,0.0,0.0,0.0,0.0,0.0,5399.0
2.0568969189332553,1.170267677277744,2.0163911314008174,1.3197443925010193,-0.158992773398026,-0.29283334089377894,-0.9881263587150187,-1.024568565506796,2.005375550982526,0.0,0.0,0.0,0.0,0.0,3.1245181116657075,0.0,0.0,2.055951599481911,7.462258385169956,0.0,0.0,0.0,2.466793034144367,0.0,0.0,0.0,0.0,0.0,0.0,0.0,0.0,2.002383791072568,0.0,0.0,12440.0
-0.20155331760339965,-0.19960509484456643,0.8027081895740452,-0.46522710244052096,-0.7290695236426585,-1.3081540154514884,1.9405373068740726,1.7811145563633908,2.005375550982526,0.0,0.0,0.0,0.0,2.002383791072568,0.0,0.0,2.025617778278169,0.0,7.462258385169956,0.0,0.0,0.0,2.466793034144367,0.0,0.0,0.0,0.0,0.0,0.0,3.4690062661045924,0.0,0.0,0.0,0.0,9495.0
1.0439155628396077,1.170267677277744,1.2072691701829692,1.0160445223408232,-0.158992773398026,-0.29283334089377894,-0.9881263587150187,-1.024568565506796,2.005375550982526,0.0,0.0,0.0,0.0,2.002383791072568,0.0,0.0,0.0,2.055951599481911,7.462258385169956,0.0,0.0,0.0,2.466793034144367,0.0,0.0,0.0,0.0,0.0,0.0,0.0,0.0,2.002383791072568,0.0,0.0,16630.0
-0.04379392608061823,-0.24684208698671228,0.47905940508690426,-0.26733234833613506,-0.45642412135174737,-0.6989616107168627,-0.3373122108063318,-0.24521214276507744,2.005375550982526,0.0,0.0,0.0,0.0,0.0,3.1245181116657075,5.326472380185374,0.0,0.0,7.462258385169956,0.0,0.0,0.0,2.466793034144367,0.0,0.0,0.0,0.0,2.1603272224684216,0.0,0.0,0.0,0.0,0.0,0.0,8013.0
0.22190610174722478,-0.5302640398396076,0.23632281672154928,-0.31631619836197317,-0.45642412135174737,1.3316797383985561,-0.3373122108063318,-0.24521214276507744,0.0,2.005375550982525,0.0,0.0,0.0,2.002383791072568,0.0,0.0,0.0,2.055951599481911,7.462258385169956,0.0,0.0,0.0,2.466793034144367,0.0,0.0,0.0,0.0,0.0,0.0,0.0,0.0,2.002383791072568,0.0,0.0,16430.0
0.3049373604434253,0.27276482657691903,0.7217959934522592,-0.2869258883464703,-0.10942088207240579,-0.6989616107168627,0.1507984001251834,0.22240171087995367,2.005375550982526,0.0,0.0,0.0,0.0,2.002383791072568,0.0,0.0,2.025617778278169,0.0,7.462258385169956,0.0,0.0,0.0,2.466793034144367,0.0,0.0,0.0,0.0,2.1603272224684216,0.0,0.0,0.0,0.0,0.0,0.0,10245.0
-1.3972034428286848,-1.002633961261093,-1.1796406154096848,-1.250928056854964,-0.9025711432823293,0.7224873336639305,1.9405373068740726,1.625243271815047,0.0,2.005375550982525,0.0,0.0,2.108812449481924,0.0,0.0,0.0,2.025617778278169,0.0,7.462258385169956,0.0,0.0,0.0,2.466793034144367,0.0,0.0,0.0,0.0,2.1603272224684216,0.0,0.0,0.0,0.0,0.0,0.0,5572.0
-1.280959680654006,-1.097107945545388,0.3172350128433352,-1.1196513387857179,-0.8529992519567091,-0.6989616107168627,1.615130232919729,1.3135007027183596,0.0,2.005375550982525,0.0,0.0,2.108812449481924,0.0,0.0,0.0,2.025617778278169,0.0,7.462258385169956,0.0,0.0,0.0,2.466793034144367,0.0,0.0,0.0,0.0,2.1603272224684216,0.0,0.0,0.0,0.0,0.0,0.0,5348.0
0.17208734652950258,-0.15236810270242054,-0.6941674386789748,0.24014033793154763,0.48544181383503693,-0.6989616107168627,-0.17460867382916007,-0.08934085821673374,0.0,2.005375550982525,0.0,5.81648059748165,0.0,0.0,0.0,0.0,0.0,2.055951599481911,7.462258385169956,0.0,0.0,0.0,2.466793034144367,0.0,0.0,0.0,0.0,0.0,0.0,0.0,0.0,2.002383791072568,0.0,0.0,11199.0
-0.4423439678223792,-0.8609229848346487,-1.9887625766275328,-0.016535036203843993,0.08886668323007511,-0.29283334089377894,-0.6627192847606753,-0.5569547118617648,0.0,2.005375550982525,5.326472380185374,0.0,0.0,0.0,0.0,0.0,0.0,2.055951599481911,7.462258385169956,0.0,0.0,0.0,2.466793034144367,0.0,0.0,0.0,0.0,0.0,0.0,0.0,0.0,2.002383791072568,0.0,0.0,13495.0
-0.20155331760339965,-0.19960509484456643,0.8027081895740452,-0.5729915724973648,-0.7290695236426585,-0.6989616107168627,1.9405373068740726,2.4045996945567656,2.005375550982526,0.0,0.0,0.0,0.0,2.002383791072568,0.0,0.0,2.025617778278169,0.0,7.462258385169956,0.0,0.0,0.0,2.466793034144367,0.0,0.0,0.0,0.0,0.0,0.0,3.4690062661045924,0.0,0.0,0.0,0.0,7995.0
-0.20155331760339965,-0.19960509484456643,0.8027081895740452,-0.6807560425542086,-0.43163817568893725,0.21482699638507577,0.31350193710235513,0.534144279976641,0.0,2.005375550982525,0.0,0.0,0.0,2.002383791072568,0.0,0.0,2.025617778278169,0.0,7.462258385169956,0.0,0.0,0.0,2.466793034144367,0.0,0.0,0.0,0.0,0.0,0.0,0.0,0.0,2.002383791072568,0.0,0.0,7975.0
2.3641125761091963,2.7290884179686445,1.0454447779393974,2.3777955530591224,1.402521803359011,-1.6127502178188011,-0.5000157477835036,-0.8686972809584522,2.005375550982526,0.0,0.0,0.0,0.0,2.002383791072568,0.0,0.0,0.0,2.055951599481911,7.462258385169956,0.0,0.0,5.326472380185374,0.0,0.0,0.0,0.0,0.0,0.0,0.0,3.4690062661045924,0.0,0.0,0.0,0.0,31600.0
1.2182812061016308,1.4064526379884867,0.7217959934522592,1.2942727904875835,0.4606558681722268,-0.6989616107168627,0.1507984001251834,-0.5569547118617648,2.005375550982526,0.0,0.0,0.0,0.0,2.002383791072568,0.0,0.0,0.0,2.055951599481911,7.462258385169956,0.0,0.0,0.0,0.0,3.0559595692497132,0.0,0.0,0.0,0.0,0.0,3.4690062661045924,0.0,0.0,0.0,0.0,22470.0
0.3049373604434253,0.27276482657691903,0.7217959934522592,-0.2575355783309674,-0.10942088207240579,-0.6989616107168627,0.1507984001251834,0.22240171087995367,2.005375550982526,0.0,0.0,0.0,2.108812449481924,0.0,0.0,0.0,2.025617778278169,0.0,7.462258385169956,0.0,0.0,0.0,2.466793034144367,0.0,0.0,0.0,0.0,2.1603272224684216,0.0,0.0,0.0,0.0,0.0,0.0,11245.0
-1.513447205003366,-1.097107945545388,-0.6941674386789748,-1.337139632900439,-0.9025711432823293,0.5194231987523886,2.1032408438512444,1.9369858409117344,0.0,2.005375550982525,0.0,0.0,0.0,2.002383791072568,0.0,0.0,2.025617778278169,0.0,7.462258385169956,0.0,0.0,0.0,2.466793034144367,0.0,0.0,0.0,0.0,2.1603272224684216,0.0,0.0,0.0,0.0,0.0,0.0,14869.0
-0.4506470936920011,-0.9081599769767945,-0.4514308503136198,-0.5710322184963312,-0.7042835779798485,2.956192817690891,0.1507984001251834,-0.24521214276507744,0.0,2.005375550982525,0.0,0.0,0.0,2.002383791072568,0.0,0.0,0.0,2.055951599481911,7.462258385169956,0.0,0.0,0.0,2.466793034144367,0.0,0.0,0.0,0.0,0.0,0.0,0.0,0.0,2.002383791072568,0.0,0.0,9298.0
0.039237332615582265,-0.624738024123906,2.461408210070631,-0.042006638217279804,-0.10942088207240579,-0.29283334089377894,-0.17460867382916007,-0.08934085821673374,2.005375550982526,0.0,0.0,0.0,0.0,0.0,3.1245181116657075,0.0,2.025617778278169,0.0,7.462258385169956,0.0,0.0,0.0,2.466793034144367,0.0,0.0,0.0,0.0,2.1603272224684216,0.0,0.0,0.0,0.0,0.0,0.0,8921.0
0.1056623395725436,-1.6167148591090228,0.1554106205997662,-0.3613813403857442,-0.40685223002612714,1.3316797383985561,0.31350193710235513,0.3782729954282974,2.005375550982526,0.0,0.0,0.0,0.0,2.002383791072568,0.0,0.0,2.025617778278169,0.0,7.462258385169956,0.0,0.0,0.0,2.466793034144367,0.0,0.0,0.0,4.1791069697885295,0.0,0.0,0.0,0.0,0.0,0.0,0.0,10295.0
1.0439155628396077,1.170267677277744,1.2072691701829692,1.255085710466913,0.6341574878118976,-2.018878487641885,0.47620547407952685,0.3782729954282974,2.005375550982526,0.0,0.0,0.0,0.0,2.002383791072568,0.0,0.0,0.0,2.055951599481911,7.462258385169956,0.0,0.0,0.0,2.466793034144367,0.0,0.0,0.0,0.0,0.0,0.0,3.4690062661045924,0.0,0.0,0.0,0.0,13200.0
0.039237332615582265,-0.624738024123906,2.461408210070631,-0.042006638217279804,-0.10942088207240579,-0.29283334089377894,-0.17460867382916007,-0.08934085821673374,2.005375550982526,0.0,0.0,0.0,0.0,0.0,3.1245181116657075,0.0,2.025617778278169,0.0,7.462258385169956,0.0,0.0,0.0,2.466793034144367,0.0,0.0,0.0,0.0,2.1603272224684216,0.0,0.0,0.0,0.0,0.0,0.0,8921.0
-1.3972034428286848,-1.002633961261093,-1.1796406154096848,-0.8394637166379241,-0.7042835779798485,0.7224873336639305,-0.17460867382916007,-0.08934085821673374,0.0,2.005375550982525,0.0,0.0,2.108812449481924,0.0,0.0,0.0,2.025617778278169,0.0,7.462258385169956,0.0,0.0,0.0,2.466793034144367,0.0,0.0,0.0,0.0,0.0,0.0,0.0,0.0,2.002383791072568,0.0,0.0,7957.0
-0.36761583499580064,-1.097107945545388,2.1782155236443863,1.0846219123769965,-0.8529992519567091,-0.6989616107168627,0.31350193710235513,0.22240171087995367,2.005375550982526,0.0,0.0,0.0,0.0,0.0,3.1245181116657075,5.326472380185374,0.0,0.0,7.462258385169956,0.0,0.0,0.0,2.466793034144367,0.0,0.0,0.0,0.0,2.1603272224684216,0.0,0.0,0.0,0.0,0.0,0.0,8778.0
-1.231140925436284,-0.8136859926924961,0.7622520915131522,-0.5925851125077001,-0.43163817568893725,0.7224873336639305,-0.17460867382916007,-0.24521214276507744,0.0,2.005375550982525,5.326472380185374,0.0,0.0,0.0,0.0,0.0,2.025617778278169,0.0,7.462258385169956,0.0,0.0,0.0,2.466793034144367,0.0,0.0,0.0,0.0,0.0,0.0,0.0,0.0,2.002383791072568,0.0,0.0,11595.0
-0.09361268129833805,-0.24684208698671228,-1.7460259882621778,-0.44759291643121923,-0.10942088207240579,-0.29283334089377894,-0.01190513685198833,0.22240171087995367,0.0,2.005375550982525,0.0,0.0,2.108812449481924,0.0,0.0,0.0,2.025617778278169,0.0,7.462258385169956,0.0,0.0,0.0,2.466793034144367,0.0,0.0,0.0,0.0,2.1603272224684216,0.0,0.0,0.0,0.0,0.0,0.0,8499.0
0.1056623395725436,-0.3413160712710107,0.1554106205997662,-0.4946174124560238,-0.40685223002612714,1.3316797383985561,0.31350193710235513,0.3782729954282974,2.005375550982526,0.0,0.0,0.0,0.0,2.002383791072568,0.0,0.0,2.025617778278169,0.0,7.462258385169956,0.0,0.0,0.0,2.466793034144367,0.0,0.0,0.0,4.1791069697885295,0.0,0.0,0.0,0.0,0.0,0.0,0.0,8845.0
0.17208734652950258,-0.15236810270242054,-0.28960645807005075,0.8201091222374707,0.48544181383503693,-0.6989616107168627,-0.17460867382916007,-0.08934085821673374,0.0,2.005375550982525,5.326472380185374,0.0,0.0,0.0,0.0,0.0,0.0,2.055951599481911,7.462258385169956,0.0,0.0,0.0,2.466793034144367,0.0,0.0,0.0,0.0,0.0,0.0,0.0,0.0,2.002383791072568,0.0,0.0,17669.0
2.1150188000205947,1.737111582983521,-0.3705186541918367,2.9577643373650453,3.261467728069769,-0.8004936781726336,-1.6389405066237057,-1.8039249882485144,2.005375550982526,0.0,0.0,0.0,0.0,2.002383791072568,0.0,0.0,0.0,2.055951599481911,7.462258385169956,0.0,0.0,0.0,0.0,3.0559595692497132,0.0,0.0,0.0,0.0,0.0,0.0,0.0,2.002383791072568,0.0,0.0,32250.0
-0.7329533732590809,-1.002633961261093,0.3172350128433352,-1.1862693748208577,-0.7290695236426585,0.11329492892930483,0.964316085011042,1.001758133621672,0.0,2.005375550982525,0.0,0.0,0.0,2.002383791072568,0.0,0.0,2.025617778278169,0.0,7.462258385169956,0.0,0.0,0.0,2.466793034144367,0.0,0.0,0.0,0.0,2.1603272224684216,0.0,0.0,0.0,0.0,0.0,0.0,7299.0
-0.6499221145628804,-0.7192120084081977,-0.28960645807005075,-0.551438678485996,-0.40685223002612714,-1.3081540154514884,1.4524266959425574,0.8458868490733285,2.005375550982526,0.0,0.0,0.0,0.0,2.002383791072568,0.0,0.0,2.025617778278169,0.0,7.462258385169956,0.0,0.0,0.0,2.466793034144367,0.0,0.0,0.0,0.0,0.0,0.0,3.4690062661045924,0.0,0.0,0.0,0.0,7898.0
-0.28458457629960016,-1.9473738041040638,-0.08732596776558875,-0.4299587304219175,-0.382066284363317,-0.6989616107168627,-0.17460867382916007,-0.24521214276507744,2.005375550982526,0.0,0.0,0.0,0.0,2.002383791072568,0.0,0.0,0.0,2.055951599481911,7.462258385169956,0.0,0.0,0.0,2.466793034144367,0.0,0.0,0.0,0.0,2.1603272224684216,0.0,0.0,0.0,0.0,0.0,0.0,6785.0
-0.17664393999453856,-0.24684208698671228,-0.49188694837451274,-0.7179837685738456,-0.45642412135174737,-1.5112181503630302,0.47620547407952685,0.3782729954282974,2.005375550982526,0.0,0.0,0.0,0.0,2.002383791072568,0.0,0.0,2.025617778278169,0.0,7.462258385169956,0.0,0.0,0.0,2.466793034144367,0.0,0.0,0.0,0.0,2.1603272224684216,0.0,0.0,0.0,0.0,0.0,0.0,7775.0
0.20529985000798326,0.13105385015047472,0.23632281672154928,-0.4299587304219175,-0.43163817568893725,0.7224873336639305,-0.17460867382916007,-0.08934085821673374,2.005375550982526,0.0,0.0,0.0,0.0,2.002383791072568,0.0,0.0,2.025617778278169,0.0,7.462258385169956,0.0,0.0,0.0,2.466793034144367,0.0,0.0,0.0,0.0,0.0,0.0,0.0,0.0,2.002383791072568,0.0,0.0,13950.0
-0.28458457629960016,0.9340827165670013,-1.6246576940794988,1.1414431784069687,1.3529499120333908,0.11329492892930483,-1.3135334326693622,-1.1804398500551396,0.0,2.005375550982525,0.0,0.0,2.108812449481924,0.0,0.0,0.0,0.0,2.055951599481911,7.462258385169956,0.0,0.0,0.0,0.0,3.0559595692497132,0.0,0.0,0.0,0.0,0.0,0.0,0.0,2.002383791072568,0.0,0.0,19699.0
-0.6084064852147802,-0.8136859926924961,0.1554106205997662,-1.1980254988270589,-0.8777851976195192,-0.29283334089377894,0.964316085011042,1.157629418170016,2.005375550982526,0.0,0.0,0.0,0.0,2.002383791072568,0.0,0.0,2.025617778278169,0.0,7.462258385169956,0.0,0.0,0.0,2.466793034144367,0.0,0.0,0.0,0.0,2.1603272224684216,0.0,0.0,0.0,0.0,0.0,0.0,6695.0
1.0356124369699882,0.27276482657691903,0.9645325818176143,0.27149000194808404,-0.1342068277352159,0.21482699638507577,-0.6627192847606753,-0.4010834273134211,2.005375550982526,0.0,0.0,0.0,0.0,2.002383791072568,0.0,0.0,2.025617778278169,0.0,7.462258385169956,0.0,0.0,0.0,2.466793034144367,0.0,0.0,0.0,0.0,0.0,0.0,0.0,0.0,2.002383791072568,0.0,0.0,12170.0
-0.20155331760339965,-0.19960509484456643,0.8027081895740452,-0.674877980551108,-0.43163817568893725,0.21482699638507577,0.31350193710235513,0.534144279976641,2.005375550982526,0.0,0.0,0.0,0.0,2.002383791072568,0.0,0.0,2.025617778278169,0.0,7.462258385169956,0.0,0.0,0.0,2.466793034144367,0.0,0.0,0.0,0.0,0.0,0.0,0.0,0.0,2.002383791072568,0.0,0.0,8195.0
-0.6499221145628804,-0.7192120084081977,-0.3705186541918367,-0.8512198406441251,-0.7042835779798485,-0.6989616107168627,0.47620547407952685,0.534144279976641,2.005375550982526,0.0,0.0,0.0,2.108812449481924,0.0,0.0,0.0,2.025617778278169,0.0,7.462258385169956,0.0,0.0,0.0,2.466793034144367,0.0,0.0,0.0,0.0,2.1603272224684216,0.0,0.0,0.0,0.0,0.0,0.0,8358.0
-0.6997408697806027,-0.9081599769767945,-0.9369040270443297,-0.6572437945418063,-0.43163817568893725,0.7224873336639305,-0.17460867382916007,-0.24521214276507744,0.0,2.005375550982525,0.0,0.0,2.108812449481924,0.0,0.0,0.0,2.025617778278169,0.0,7.462258385169956,0.0,0.0,0.0,2.466793034144367,0.0,0.0,0.0,0.0,0.0,0.0,0.0,0.0,2.002383791072568,0.0,0.0,9980.0
1.4590718563206102,2.2094815044050065,-2.3933235572364566,2.7304792732451566,4.9469120331408565,-0.29283334089377894,-1.964347580578049,-2.1156675573452017,0.0,2.005375550982525,0.0,0.0,0.0,2.002383791072568,0.0,0.0,0.0,2.055951599481911,7.462258385169956,0.0,0.0,0.0,0.0,0.0,12.8454713798025,0.0,0.0,0.0,0.0,0.0,0.0,2.002383791072568,0.0,0.0,36000.0
-0.09361268129833805,-0.24684208698671228,-1.7460259882621778,-0.36530004838781127,-0.40685223002612714,0.7224873336639305,-0.3373122108063318,-0.08934085821673374,0.0,2.005375550982525,0.0,0.0,2.108812449481924,0.0,0.0,0.0,2.025617778278169,0.0,7.462258385169956,0.0,0.0,0.0,2.466793034144367,0.0,0.0,0.0,0.0,0.0,0.0,0.0,0.0,0.0,5.326472380185374,0.0,9959.0
-2.0033316313109495,-0.9081599769767945,-0.4514308503136198,-1.1764726048156902,-0.8529992519567091,1.7378080082216398,0.8016125480338704,0.534144279976641,0.0,2.005375550982525,0.0,0.0,2.108812449481924,0.0,0.0,0.0,2.025617778278169,0.0,7.462258385169956,0.0,0.0,0.0,2.466793034144367,0.0,0.0,0.0,4.1791069697885295,0.0,0.0,0.0,0.0,0.0,0.0,0.0,7129.0
1.5421031150168107,2.5873774415422,0.8027081895740452,0.7789626882157668,0.2375823572069358,0.7224873336639305,-0.9881263587150187,-0.8686972809584522,2.005375550982526,0.0,0.0,0.0,0.0,0.0,3.1245181116657075,0.0,2.025617778278169,0.0,7.462258385169956,0.0,0.0,5.326472380185374,0.0,0.0,0.0,0.0,0.0,0.0,0.0,0.0,0.0,2.002383791072568,0.0,0.0,18920.0
2.0568969189332553,1.170267677277744,2.0163911314008174,1.711615192707724,0.6341574878118976,-2.018878487641885,-0.01190513685198833,-0.8686972809584522,2.005375550982526,0.0,0.0,0.0,0.0,0.0,3.1245181116657075,0.0,0.0,2.055951599481911,7.462258385169956,0.0,0.0,0.0,2.466793034144367,0.0,0.0,0.0,0.0,0.0,0.0,3.4690062661045924,0.0,0.0,0.0,0.0,13860.0
-0.7329533732590809,-1.002633961261093,0.3172350128433352,-1.250928056854964,-0.7290695236426585,0.11329492892930483,0.964316085011042,1.001758133621672,0.0,2.005375550982525,0.0,0.0,0.0,2.002383791072568,0.0,0.0,2.025617778278169,0.0,7.462258385169956,0.0,0.0,0.0,2.466793034144367,0.0,0.0,0.0,0.0,2.1603272224684216,0.0,0.0,0.0,0.0,0.0,0.0,6649.0
-0.07700642955909891,0.1782908422926206,-1.4223772037750368,0.7143040061816605,0.7333012704631381,-0.29283334089377894,-0.9881263587150187,-1.024568565506796,0.0,2.005375550982525,0.0,0.0,2.108812449481924,0.0,0.0,0.0,2.025617778278169,0.0,7.462258385169956,0.0,0.0,0.0,2.466793034144367,0.0,0.0,0.0,0.0,0.0,0.0,0.0,0.0,0.0,5.326472380185374,0.0,14869.0
1.1352499474054303,0.27276482657691903,0.1554106205997662,1.1649554264193709,0.8572309987771886,0.11329492892930483,-0.9881263587150187,-1.024568565506796,2.005375550982526,0.0,0.0,0.0,0.0,0.0,3.1245181116657075,0.0,0.0,2.055951599481911,7.462258385169956,0.0,0.0,0.0,0.0,3.0559595692497132,0.0,0.0,0.0,0.0,0.0,0.0,0.0,2.002383791072568,0.0,0.0,15750.0
-0.20155331760339965,-0.19960509484456643,0.8027081895740452,-0.551438678485996,-0.43163817568893725,0.21482699638507577,0.31350193710235513,0.534144279976641,2.005375550982526,0.0,0.0,0.0,0.0,2.002383791072568,0.0,0.0,2.025617778278169,0.0,7.462258385169956,0.0,0.0,0.0,2.466793034144367,0.0,0.0,0.0,0.0,0.0,0.0,0.0,0.0,2.002383791072568,0.0,0.0,8495.0
-0.7329533732590809,-1.002633961261093,0.3172350128433352,-1.3077493228849362,-0.7290695236426585,0.11329492892930483,0.964316085011042,1.001758133621672,0.0,2.005375550982525,0.0,0.0,0.0,2.002383791072568,0.0,0.0,2.025617778278169,0.0,7.462258385169956,0.0,0.0,0.0,2.466793034144367,0.0,0.0,0.0,0.0,2.1603272224684216,0.0,0.0,0.0,0.0,0.0,0.0,5499.0
1.5421031150168107,2.5873774415422,0.8836203856958282,1.037597416352192,0.11365262889288523,0.7224873336639305,-1.3135334326693622,-1.6480537037001708,2.005375550982526,0.0,0.0,0.0,0.0,2.002383791072568,0.0,0.0,2.025617778278169,0.0,7.462258385169956,0.0,0.0,5.326472380185374,0.0,0.0,0.0,0.0,0.0,0.0,0.0,0.0,0.0,2.002383791072568,0.0,0.0,23875.0
0.22190610174722478,-0.5302640398396076,0.23632281672154928,0.4086447820204307,0.9315888357656189,-1.815814352730343,-0.6627192847606753,-0.4010834273134211,2.005375550982526,0.0,0.0,0.0,0.0,2.002383791072568,0.0,0.0,0.0,2.055951599481911,7.462258385169956,0.0,0.0,0.0,0.0,3.0559595692497132,0.0,0.0,0.0,0.0,0.0,0.0,0.0,2.002383791072568,0.0,0.0,21105.0
0.3049373604434253,0.27276482657691903,-0.006413771643802805,-0.33590973837230836,-0.10942088207240579,-0.6989616107168627,0.1507984001251834,0.22240171087995367,0.0,2.005375550982525,0.0,0.0,2.108812449481924,0.0,0.0,0.0,2.025617778278169,0.0,7.462258385169956,0.0,0.0,0.0,2.466793034144367,0.0,0.0,0.0,0.0,2.1603272224684216,0.0,0.0,0.0,0.0,0.0,0.0,8845.0
0.12226859131178276,0.27276482657691903,0.47905940508690426,-0.2790884723423362,-0.10942088207240579,-1.917346420186114,0.31350193710235513,0.22240171087995367,2.005375550982526,0.0,0.0,0.0,0.0,2.002383791072568,0.0,0.0,2.025617778278169,0.0,7.462258385169956,0.0,0.0,0.0,2.466793034144367,0.0,0.0,0.0,0.0,0.0,0.0,0.0,0.0,2.002383791072568,0.0,0.0,10898.0
0.22190610174722478,0.32000181871906486,-1.3010089095923607,-0.1889581882947941,0.13843857455569533,0.11329492892930483,-0.3373122108063318,0.06653042633160997,0.0,2.005375550982525,0.0,0.0,2.108812449481924,0.0,0.0,0.0,2.025617778278169,0.0,7.462258385169956,0.0,0.0,0.0,2.466793034144367,0.0,0.0,0.0,0.0,0.0,0.0,0.0,0.0,2.002383791072568,0.0,0.0,9895.0
1.8991375274104738,2.3511924808314575,1.0454447779393974,1.8585667427852384,2.046956390592074,0.5194231987523886,-1.6389405066237057,-1.6480537037001708,2.005375550982526,0.0,0.0,0.0,0.0,2.002383791072568,0.0,0.0,0.0,2.055951599481911,7.462258385169956,0.0,0.0,0.0,0.0,3.0559595692497132,0.0,0.0,0.0,0.0,0.0,0.0,0.0,2.002383791072568,0.0,0.0,36880.0
0.5125155071839265,2.162244512262861,-1.1796406154096848,2.2112504629712726,2.6666050321623267,-0.8004936781726336,-1.4762369696465338,-1.959796272796858,0.0,2.005375550982525,5.326472380185374,0.0,0.0,0.0,0.0,0.0,0.0,2.055951599481911,7.462258385169956,0.0,6.482669203345178,0.0,0.0,0.0,0.0,0.0,0.0,0.0,0.0,0.0,0.0,2.002383791072568,0.0,0.0,35056.0
1.1352499474054303,0.27276482657691903,0.1554106205997662,1.1257683463987005,1.1050904554052898,0.11329492892930483,-0.825422821737847,-1.024568565506796,2.005375550982526,0.0,0.0,0.0,0.0,2.002383791072568,0.0,0.0,0.0,2.055951599481911,7.462258385169956,0.0,0.0,0.0,0.0,3.0559595692497132,0.0,0.0,0.0,0.0,0.0,0.0,0.0,2.002383791072568,0.0,0.0,15690.0
1.0356124369699882,0.27276482657691903,0.9645325818176143,0.2950022499604863,-0.1342068277352159,0.21482699638507577,-0.6627192847606753,-0.4010834273134211,0.0,2.005375550982525,0.0,0.0,2.108812449481924,0.0,0.0,0.0,2.025617778278169,0.0,7.462258385169956,0.0,0.0,0.0,2.466793034144367,0.0,0.0,0.0,0.0,0.0,0.0,0.0,0.0,2.002383791072568,0.0,0.0,15040.0
0.17208734652950258,-0.15236810270242054,-0.6941674386789748,0.30871772796772096,0.48544181383503693,-0.6989616107168627,-0.17460867382916007,-0.08934085821673374,0.0,2.005375550982525,0.0,0.0,2.108812449481924,0.0,0.0,0.0,0.0,2.055951599481911,7.462258385169956,0.0,0.0,0.0,2.466793034144367,0.0,0.0,0.0,0.0,0.0,0.0,0.0,0.0,2.002383791072568,0.0,0.0,11549.0
1.2182812061016308,0.6034237715719601,1.0049886798785073,0.9572639023098174,0.08886668323007511,-0.08976920598223705,-1.3135334326693622,-1.3363111346034833,2.005375550982526,0.0,0.0,0.0,0.0,2.002383791072568,0.0,0.0,0.0,2.055951599481911,7.462258385169956,0.0,0.0,0.0,2.466793034144367,0.0,0.0,0.0,0.0,0.0,0.0,0.0,0.0,2.002383791072568,0.0,0.0,18420.0
0.3049373604434253,0.27276482657691903,0.7217959934522592,-0.222267206312364,-0.10942088207240579,-1.0035578130841756,1.7778337698969007,1.7811145563633908,0.0,2.005375550982525,0.0,0.0,0.0,2.002383791072568,0.0,0.0,2.025617778278169,0.0,7.462258385169956,0.0,0.0,0.0,2.466793034144367,0.0,0.0,0.0,0.0,0.0,0.0,3.4690062661045924,0.0,0.0,0.0,0.0,10795.0
-0.6084064852147802,-0.8136859926924961,0.1554106205997662,-1.1882287288218913,-0.8777851976195192,-0.29283334089377894,0.964316085011042,1.157629418170016,2.005375550982526,0.0,0.0,0.0,0.0,2.002383791072568,0.0,0.0,2.025617778278169,0.0,7.462258385169956,0.0,0.0,0.0,2.466793034144367,0.0,0.0,0.0,0.0,2.1603272224684216,0.0,0.0,0.0,0.0,0.0,0.0,7395.0
1.0439155628396077,1.170267677277744,1.2072691701829692,0.9082800522839793,-0.158992773398026,-0.29283334089377894,-0.9881263587150187,-1.024568565506796,2.005375550982526,0.0,0.0,0.0,0.0,2.002383791072568,0.0,0.0,0.0,2.055951599481911,7.462258385169956,0.0,0.0,0.0,2.466793034144367,0.0,0.0,0.0,0.0,0.0,0.0,0.0,0.0,2.002383791072568,0.0,0.0,11900.0
-1.2477471771755255,-0.8136859926924961,0.1554106205997662,-1.3057899688839028,-0.8777851976195192,-0.29283334089377894,0.8016125480338704,0.06653042633160997,0.0,2.005375550982525,0.0,0.0,2.108812449481924,0.0,0.0,0.0,2.025617778278169,0.0,7.462258385169956,0.0,0.0,0.0,2.466793034144367,0.0,0.0,0.0,0.0,2.1603272224684216,0.0,0.0,0.0,0.0,0.0,0.0,5195.0
1.2182812061016308,1.3592156458463343,0.7217959934522592,0.9651013183139515,0.36151208552098635,0.3163590638408467,-0.9881263587150187,-0.8686972809584522,2.005375550982526,0.0,0.0,0.0,0.0,2.002383791072568,0.0,0.0,0.0,2.055951599481911,7.462258385169956,0.0,0.0,0.0,2.466793034144367,0.0,0.0,0.0,0.0,0.0,0.0,0.0,0.0,2.002383791072568,0.0,0.0,19045.0
0.17208734652950258,-0.15236810270242054,-0.6941674386789748,-0.010656974200743421,0.48544181383503693,-0.6989616107168627,-0.17460867382916007,-0.08934085821673374,0.0,2.005375550982525,0.0,0.0,2.108812449481924,0.0,0.0,0.0,0.0,2.055951599481911,7.462258385169956,0.0,0.0,0.0,2.466793034144367,0.0,0.0,0.0,0.0,0.0,0.0,0.0,0.0,2.002383791072568,0.0,0.0,9989.0
-0.42573771608314004,-0.10513111056026798,-1.6651137921403918,-0.11058402825345313,-1.1504305999104305,1.7378080082216398,-1.4762369696465338,-1.1804398500551396,0.0,2.005375550982525,0.0,0.0,2.108812449481924,0.0,0.0,0.0,0.0,2.055951599481911,7.462258385169956,0.0,0.0,0.0,0.0,0.0,0.0,7.462258385169956,0.0,0.0,0.0,0.0,0.0,2.002383791072568,0.0,0.0,15645.0
2.1150188000205947,1.737111582983521,-0.3705186541918367,2.9577643373650453,3.261467728069769,-0.8004936781726336,-1.6389405066237057,-1.8039249882485144,2.005375550982526,0.0,0.0,0.0,0.0,2.002383791072568,0.0,0.0,0.0,2.055951599481911,7.462258385169956,0.0,0.0,0.0,0.0,3.0559595692497132,0.0,0.0,0.0,0.0,0.0,0.0,0.0,2.002383791072568,0.0,0.0,35550.0
-0.1434314365160579,-0.24684208698671228,-0.8559918309225438,-0.300641366353705,-0.40685223002612714,0.7224873336639305,-0.3373122108063318,-0.08934085821673374,2.005375550982526,0.0,0.0,0.0,0.0,2.002383791072568,0.0,0.0,2.025617778278169,0.0,7.462258385169956,0.0,0.0,0.0,2.466793034144367,0.0,0.0,0.0,0.0,0.0,0.0,0.0,0.0,0.0,5.326472380185374,0.0,9279.0
-1.3972034428286848,-1.002633961261093,-1.1796406154096848,-1.333220924898372,-0.9025711432823293,0.7224873336639305,1.9405373068740726,1.625243271815047,0.0,2.005375550982525,0.0,0.0,2.108812449481924,0.0,0.0,0.0,2.025617778278169,0.0,7.462258385169956,0.0,0.0,0.0,2.466793034144367,0.0,0.0,0.0,0.0,2.1603272224684216,0.0,0.0,0.0,0.0,0.0,0.0,5572.0
-0.42573771608314004,-0.10513111056026798,-1.6651137921403918,-0.33590973837230836,-1.3982900565385317,1.7378080082216398,-1.3135334326693622,-1.1804398500551396,0.0,2.005375550982525,0.0,0.0,2.108812449481924,0.0,0.0,0.0,0.0,2.055951599481911,7.462258385169956,0.0,0.0,0.0,0.0,0.0,0.0,7.462258385169956,0.0,0.0,9.11111111111111,0.0,0.0,0.0,0.0,0.0,13645.0
-0.6499221145628804,-0.7192120084081977,-0.28960645807005075,-0.9060817526730639,-0.7042835779798485,-0.6989616107168627,2.1032408438512444,2.560470979105109,2.005375550982526,0.0,0.0,0.0,0.0,2.002383791072568,0.0,0.0,2.025617778278169,0.0,7.462258385169956,0.0,0.0,0.0,2.466793034144367,0.0,0.0,0.0,0.0,2.1603272224684216,0.0,0.0,0.0,0.0,0.0,0.0,7738.0
1.2182812061016308,0.6034237715719601,1.5309179546701073,0.9513858403067168,0.36151208552098635,0.5194231987523886,-0.17460867382916007,-0.4010834273134211,2.005375550982526,0.0,0.0,0.0,0.0,0.0,3.1245181116657075,0.0,0.0,2.055951599481911,7.462258385169956,0.0,0.0,0.0,2.466793034144367,0.0,0.0,0.0,0.0,0.0,0.0,0.0,0.0,2.002383791072568,0.0,0.0,16515.0
0.13057171718140234,3.0125103708215333,-1.3010089095923607,1.5862165366415786,1.8982407166152133,1.2301476709427852,-1.3135334326693622,-0.4010834273134211,0.0,2.005375550982525,0.0,0.0,2.108812449481924,0.0,0.0,0.0,0.0,2.055951599481911,7.462258385169956,0.0,6.482669203345178,0.0,0.0,0.0,0.0,0.0,0.0,0.0,0.0,0.0,0.0,2.002383791072568,0.0,0.0,8249.0
-0.5502846041274408,-0.3413160712710107,-0.1682381638873747,-0.6278534845263034,-0.40685223002612714,1.3316797383985561,0.31350193710235513,0.3782729954282974,0.0,2.005375550982525,0.0,0.0,2.108812449481924,0.0,0.0,0.0,2.025617778278169,0.0,7.462258385169956,0.0,0.0,0.0,2.466793034144367,0.0,0.0,0.0,4.1791069697885295,0.0,0.0,0.0,0.0,0.0,0.0,0.0,7895.0
-0.6499221145628804,-0.7192120084081977,-0.3705186541918367,-0.8766914426575609,-0.7042835779798485,-0.6989616107168627,0.8016125480338704,1.001758133621672,2.005375550982526,0.0,0.0,0.0,2.108812449481924,0.0,0.0,0.0,2.025617778278169,0.0,7.462258385169956,0.0,0.0,0.0,2.466793034144367,0.0,0.0,0.0,0.0,2.1603272224684216,0.0,0.0,0.0,0.0,0.0,0.0,7198.0
0.7450030315332865,0.4617127951455159,0.5599716012086903,0.012855273811658866,-0.43163817568893725,0.7224873336639305,-0.01190513685198833,0.06653042633160997,2.005375550982526,0.0,0.0,0.0,0.0,0.0,3.1245181116657075,0.0,2.025617778278169,0.0,7.462258385169956,0.0,0.0,0.0,2.466793034144367,0.0,0.0,0.0,0.0,0.0,0.0,0.0,0.0,2.002383791072568,0.0,0.0,12290.0
-0.4423439678223792,-0.8609229848346487,-1.9887625766275328,-0.016535036203843993,0.08886668323007511,-0.29283334089377894,-0.6627192847606753,-0.5569547118617648,0.0,2.005375550982525,5.326472380185374,0.0,0.0,0.0,0.0,0.0,0.0,2.055951599481911,7.462258385169956,0.0,0.0,0.0,2.466793034144367,0.0,0.0,0.0,0.0,0.0,0.0,0.0,0.0,2.002383791072568,0.0,0.0,16500.0
-1.2477471771755255,-0.8136859926924961,0.1554106205997662,-1.2763996588684,-0.8777851976195192,-0.29283334089377894,0.964316085011042,1.157629418170016,0.0,2.005375550982525,0.0,0.0,2.108812449481924,0.0,0.0,0.0,2.025617778278169,0.0,7.462258385169956,0.0,0.0,0.0,2.466793034144367,0.0,0.0,0.0,0.0,2.1603272224684216,0.0,0.0,0.0,0.0,0.0,0.0,6795.0
-0.04379392608061823,-0.24684208698671228,0.47905940508690426,0.18331907190157545,-0.45642412135174737,-0.6989616107168627,-0.3373122108063318,-1.1804398500551396,2.005375550982526,0.0,0.0,0.0,0.0,0.0,3.1245181116657075,5.326472380185374,0.0,0.0,7.462258385169956,0.0,0.0,0.0,2.466793034144367,0.0,0.0,0.0,0.0,0.0,0.0,0.0,0.0,2.002383791072568,0.0,0.0,11694.0
0.6121530176193661,0.27276482657691903,0.6004276992695832,0.04420493782819525,0.13843857455569533,-0.29283334089377894,-0.3373122108063318,0.06653042633160997,2.005375550982526,0.0,0.0,0.0,0.0,0.0,3.1245181116657075,0.0,2.025617778278169,0.0,7.462258385169956,0.0,0.0,0.0,2.466793034144367,0.0,0.0,0.0,0.0,0.0,0.0,0.0,0.0,2.002383791072568,0.0,0.0,9295.0
-1.280959680654006,-1.097107945545388,0.3172350128433352,-1.0118868687288742,-0.8529992519567091,-0.6989616107168627,0.964316085011042,1.157629418170016,0.0,2.005375550982525,0.0,0.0,2.108812449481924,0.0,0.0,0.0,2.025617778278169,0.0,7.462258385169956,0.0,0.0,0.0,2.466793034144367,0.0,0.0,0.0,0.0,2.1603272224684216,0.0,0.0,0.0,0.0,0.0,0.0,6338.0
0.8695499195775872,0.27276482657691903,0.5599716012086903,0.9866542123253202,1.3529499120333908,0.11329492892930483,-0.9881263587150187,-0.8686972809584522,2.005375550982526,0.0,0.0,0.0,0.0,2.002383791072568,0.0,0.0,2.025617778278169,0.0,7.462258385169956,0.0,0.0,0.0,0.0,3.0559595692497132,0.0,0.0,0.0,0.0,0.0,0.0,0.0,2.002383791072568,0.0,0.0,13499.0
-0.06040017781985739,-0.3413160712710107,0.3981472089651212,-0.45543033243535336,-0.158992773398026,0.11329492892930483,0.31350193710235513,0.534144279976641,2.005375550982526,0.0,0.0,0.0,2.108812449481924,0.0,0.0,0.0,2.025617778278169,0.0,7.462258385169956,0.0,0.0,0.0,2.466793034144367,0.0,0.0,0.0,0.0,2.1603272224684216,0.0,0.0,0.0,0.0,0.0,0.0,8949.0
1.0439155628396077,1.170267677277744,1.2072691701829692,1.362850180523757,0.6341574878118976,-2.018878487641885,0.47620547407952685,0.3782729954282974,2.005375550982526,0.0,0.0,0.0,0.0,2.002383791072568,0.0,0.0,0.0,2.055951599481911,7.462258385169956,0.0,0.0,0.0,2.466793034144367,0.0,0.0,0.0,0.0,0.0,0.0,3.4690062661045924,0.0,0.0,0.0,0.0,17950.0
-0.1434314365160579,-0.24684208698671228,-0.8559918309225438,-0.300641366353705,-0.40685223002612714,0.7224873336639305,-0.3373122108063318,-0.08934085821673374,2.005375550982526,0.0,0.0,0.0,0.0,2.002383791072568,0.0,0.0,2.025617778278169,0.0,7.462258385169956,0.0,0.0,0.0,2.466793034144367,0.0,0.0,0.0,0.0,0.0,0.0,0.0,0.0,0.0,5.326472380185374,0.0,9279.0
2.081806296542114,2.870799394395089,0.6813398953913663,2.2700310830022783,4.401621228559034,-1.3081540154514884,-1.8016440436008774,-2.2715388418935456,0.0,2.005375550982525,0.0,5.81648059748165,0.0,0.0,0.0,0.0,0.0,2.055951599481911,7.462258385169956,0.0,6.482669203345178,0.0,0.0,0.0,0.0,0.0,0.0,0.0,0.0,0.0,0.0,2.002383791072568,0.0,0.0,45400.0
-0.56689085586668,-1.002633961261093,-1.1796406154096848,-1.1118139227815838,-0.9025711432823293,0.7224873336639305,0.964316085011042,1.157629418170016,2.005375550982526,0.0,0.0,0.0,0.0,2.002383791072568,0.0,0.0,2.025617778278169,0.0,7.462258385169956,0.0,0.0,0.0,2.466793034144367,0.0,0.0,0.0,0.0,2.1603272224684216,0.0,0.0,0.0,0.0,0.0,0.0,6692.0
1.2182812061016308,1.4064526379884867,0.7217959934522592,0.9905729203273873,0.36151208552098635,0.5194231987523886,-0.9881263587150187,-0.8686972809584522,2.005375550982526,0.0,0.0,0.0,0.0,2.002383791072568,0.0,0.0,0.0,2.055951599481911,7.462258385169956,0.0,0.0,0.0,2.466793034144367,0.0,0.0,0.0,0.0,0.0,0.0,0.0,0.0,2.002383791072568,0.0,0.0,22625.0
-1.2726565547843842,-1.097107945545388,-0.6941674386789748,-1.2685622428642658,-0.9025711432823293,0.5194231987523886,2.1032408438512444,1.9369858409117344,2.005375550982526,0.0,0.0,0.0,0.0,2.002383791072568,0.0,0.0,2.025617778278169,0.0,7.462258385169956,0.0,0.0,0.0,2.466793034144367,0.0,0.0,0.0,0.0,2.1603272224684216,0.0,0.0,0.0,0.0,0.0,0.0,6575.0
-0.20155331760339965,-0.19960509484456643,0.8027081895740452,-0.5024548284601579,-0.43163817568893725,0.7224873336639305,0.1507984001251834,0.22240171087995367,2.005375550982526,0.0,0.0,0.0,0.0,2.002383791072568,0.0,0.0,2.025617778278169,0.0,7.462258385169956,0.0,0.0,0.0,2.466793034144367,0.0,0.0,0.0,0.0,0.0,0.0,0.0,0.0,2.002383791072568,0.0,0.0,9995.0
2.3641125761091963,2.7290884179686445,1.1263569740611832,2.3190149330281167,2.6666050321623267,-0.8004936781726336,-1.4762369696465338,-1.959796272796858,2.005375550982526,0.0,0.0,0.0,0.0,2.002383791072568,0.0,0.0,0.0,2.055951599481911,7.462258385169956,0.0,6.482669203345178,0.0,0.0,0.0,0.0,0.0,0.0,0.0,0.0,0.0,0.0,2.002383791072568,0.0,0.0,34184.0
0.3630592415307647,0.9340827165670013,-1.6246576940794988,1.1414431784069687,1.3529499120333908,0.11329492892930483,-0.9881263587150187,-0.8686972809584522,0.0,2.005375550982525,0.0,0.0,2.108812449481924,0.0,0.0,0.0,0.0,2.055951599481911,7.462258385169956,0.0,0.0,0.0,0.0,3.0559595692497132,0.0,0.0,0.0,0.0,0.0,0.0,0.0,2.002383791072568,0.0,0.0,18399.0
1.23488745784087,0.4617127951455159,0.8027081895740452,0.9768574423201526,0.9315888357656189,-1.815814352730343,-0.825422821737847,-0.8686972809584522,2.005375550982526,0.0,0.0,0.0,0.0,2.002383791072568,0.0,0.0,0.0,2.055951599481911,7.462258385169956,0.0,0.0,0.0,0.0,3.0559595692497132,0.0,0.0,0.0,0.0,0.0,0.0,0.0,2.002383791072568,0.0,0.0,24565.0
-0.7329533732590809,-1.002633961261093,0.3172350128433352,-1.2117409768342935,-0.7290695236426585,0.11329492892930483,0.964316085011042,1.001758133621672,2.005375550982526,0.0,0.0,0.0,0.0,2.002383791072568,0.0,0.0,2.025617778278169,0.0,7.462258385169956,0.0,0.0,0.0,2.466793034144367,0.0,0.0,0.0,0.0,2.1603272224684216,0.0,0.0,0.0,0.0,0.0,0.0,6849.0
0.7782155350117672,0.8396087322827028,-0.6941674386789748,0.9004426362798452,1.1050904554052898,0.11329492892930483,-0.9881263587150187,-1.024568565506796,0.0,2.005375550982525,0.0,0.0,2.108812449481924,0.0,0.0,0.0,0.0,2.055951599481911,7.462258385169956,0.0,0.0,0.0,0.0,3.0559595692497132,0.0,0.0,0.0,0.0,0.0,0.0,0.0,2.002383791072568,0.0,0.0,15998.0
0.8695499195775872,0.27276482657691903,0.9645325818176143,1.4490617565692319,1.3529499120333908,0.11329492892930483,-1.3135334326693622,-1.3363111346034833,2.005375550982526,0.0,0.0,0.0,0.0,0.0,3.1245181116657075,0.0,2.025617778278169,0.0,7.462258385169956,0.0,0.0,0.0,0.0,3.0559595692497132,0.0,0.0,0.0,0.0,0.0,0.0,0.0,2.002383791072568,0.0,0.0,14399.0
